# Created by Octave 3.8.0, Mon Jan 15 23:32:48 2018 CST <gaotingwang@MacBook.local>
# name: X_poly
# type: matrix
# rows: 12
# columns: 8
 -15.93675813378541 253.9802598147755 -4047.621971424054 64505.97237558084 -1028016.079934275 16383243.62355475 -261095791.0754741 4161020472.119198
 -29.15297921723813 849.8961972407185 -24777.00617496839 722323.5460842344 -21057883.32711544 613900034.9944217 -17897014961.65414 521751305227.703
 36.18954862666253 1309.683429801572 47396.85216833814 1715270.686296808 62074871.90962715 2246461595.4673 81298431147.09373 2942153527269.124
 37.49218733199513 1405.664110937416 52701.422173128 1975891.592777477 74080497.74412741 2777439899.070268 104132296999.3001 3904147586408.715
 -48.05882945257007 2309.651088351216 -110999.1277500139 5334488.149921956 -256369256.2138553 12320806361.26391 -592123531634.1227 28456763821657.78
 -8.941457938049755 79.94967005791298 -714.8666119837848 6391.949742369146 -57153.34976352169 511034.2729291751 -4569391.456298058 40857021.508973
 15.30779288922608 234.3285231394405 3587.052500256776 54909.8567567113 840548.7148088078 12866945.63959839 196964538.9679027 3015092369.042553
 -34.70626581132249 1204.524886566172 -41804.56088951865 1450880.20235725 -50354633.96339608 1747621311.165472 -60653409762.84079 2105053361592.215
 1.38915436863589 1.929749859900179 2.680720448254831 3.72393452178476 5.173119909451304 7.186262121691581 9.98282742051048 13.86768832254029
 -44.38375985168692 1969.918138572216 -87432.37358987132 3880577.472675823 -172234618.6331099 7644419951.558829 -339288099335.4312 15058881521439.07
 7.013502082404112 49.18921145988681 344.9886370057324 2419.57852404546 16969.7190169331 119017.159663073 834727.0971387849 5854360.234022008
 22.7627489197113 518.142738381818 11794.35305835699 268471.8973378092 6111158.39109906 139106764.0651748 3166452343.449092 72077159660.16315


# name: X_poly_test
# type: matrix
# rows: 21
# columns: 8
 -33.31800399061839 1110.089389918863 -36985.96272325982 1232298.453610434 -41057724.79502531 1367961438.566365 -45577744669.16623 1518559478770.667
 -37.91216402831621 1437.332181309954 -54492.37342100051 2065923.79942923 -78323641.95396321 2969418761.053762 -112577091137.8297 4268041145048.104
 -51.20693794827316 2622.150494038298 -134272.297639253 6875673.213385292 -352082171.5904246 18029049913.32414 -923212440177.9088 47274882137264.02
 -6.132595848228624 37.60873183771096 -230.6391527250899 1414.416710440854 -8674.04604611477 53194.41876974736 -326219.8716962875 2000574.630774327
 21.26118327389843 452.0379142062983 9610.860940690882 204338.2758799807 4344473.533356688 92368648.02129762 1963866754.343024 41754130989.6031
 -40.31952949030853 1625.664458319859 -65546.02606857398 2642784.9310444 -106555844.9637877 4296281533.38218 -173224049983.8708 6984312191755.354
 -14.54153167295284 211.4561433954905 -3074.896206625981 44713.70057969424 -650205.6931945534 9454986.681522852 -137489988.2967118 1999315019.530549
 32.55976024170859 1060.137986997547 34517.83867976772 1123892.551475212 36593672.01347502 1191481187.122468 38794341785.21389 1263134467261.461
 13.39343254732886 179.384035399848 2402.567978195516 32178.63215633392 430982.3392511657 5772332.889850491 77311351.2009404 1035464367.452647
 44.20988594678167 1954.514015427443 86408.84170343353 3820125.036502308 168887292.1662122 7466487924.529034 330092579566.4512 14593355294511.76
 -1.142677675487955 1.305712270058557 -1.492008261606613 1.70488453218147 -1.948133494208492 2.226088652702388 -2.543701807100078 2.906631268071629
 -12.76686065227885 162.992730914706 -2080.905482922434 26566.63033103375 -339172.4674369126 4330167.628856649 -55282646.71862157 705785847.1458021
 34.05450538959663 1159.709337330066 39493.32787847229 1344925.747090541 45800781.10290212 1559722946.916516 53115593502.04604 1808825265187.051
 39.22350027740379 1538.482974011496 60344.68735792091 2366929.861323256 92839274.07220805 3641481292.325219 142831642479.679 5602356968423.728
 1.974496739238941 3.898637373265209 7.697846780987223 15.19937336822025 30.01111315402607 59.25684506355535 117.0024473555771 231.0209507865629
 29.62175509870447 877.4483751276242 25991.56087978666 769915.6510141079 22806252.86099952 675561236.967656 20011309515.63376 592770109676.4777
 -23.66962970665968 560.2513704503863 -13260.94248120926 313881.598091536 -7429461.198561233 175852595.4899404 -4162365818.2019 98521657620.49651
 -9.011801392661441 81.21256434077469 -731.8715004278002 6595.480606804469 -59437.16131767204 535635.8931384396 -4827044.287744446 43500364.43473385
 -55.94057090677502 3129.347473375924 -175057.4842263231 9792815.609124281 -547815695.95919 30645122783.64938 -1714305664025.565 95899237554308.14
 -35.70859751906493 1275.10393677857 -45532.17327340117 1625890.049588208 -58058253.39099783 2073178802.999028 -74030307461.34911 2643518453349.945
 9.510205326576553 90.44400535364505 860.1410614711534 8180.118104410174 77794.60276858693 739842.6456287226 7036055.469286767 66914332.2020991


